4 150 2000
0.275172 0.172202 0.054734 0.291992
0.572290 0.524846 0.336460 0.502604
1.027126 0.965308 0.924057 0.976958
0.873507 0.923726 1.138846 0.938047
0.788946 0.913330 1.117231 0.883218
0.776262 0.938846 1.063763 0.859340
0.852367 0.975703 0.997781 0.867299
0.956659 1.006890 0.959102 0.893830
1.103231 1.040912 0.905633 0.891177
1.235710 1.025791 0.870367 0.843422
1.324500 0.934121 0.862404 0.790361
1.389330 0.883088 0.844202 0.731994
1.352687 0.876473 0.840789 0.681587
1.290675 0.894429 0.840789 0.672743
1.145512 0.913330 0.828275 0.727573
0.990483 0.884979 0.811211 0.806279
0.874917 0.836781 0.824862 0.898251
0.788946 0.820715 0.852165 0.955734
0.777671 0.808429 0.835101 0.930088
0.859414 0.785748 0.785045 0.838116
0.976390 0.769682 0.723614 0.708117
1.070816 0.763067 0.648531 0.579002
1.121553 0.814100 0.576860 0.456963
1.104641 0.881198 0.526805 0.353494
1.017261 0.926561 0.514291 0.340229
0.956659 0.919945 0.545007 0.368528
0.880554 0.885924 0.589374 0.437507
0.825589 0.845286 0.626916 0.522404
0.741028 0.771572 0.667870 0.639138
0.774853 0.728100 0.649668 0.736416
0.907332 0.676122 0.539319 0.770906
1.004577 0.622254 0.477887 0.777096
1.104641 0.597683 0.469924 0.739953
1.104641 0.631705 0.491539 0.642675
1.004577 0.675177 0.514291 0.532132
0.929881 0.696913 0.480163 0.418936
0.838273 0.683683 0.422144 0.318120
0.845320 0.671397 0.402804 0.280093
0.896057 0.635485 0.388015 0.283631
0.941156 0.578782 0.360712 0.335807
1.017261 0.576892 0.341373 0.385330
1.059542 0.642100 0.333409 0.375603
1.063770 0.749836 0.394841 0.355263
1.053904 0.814100 0.475612 0.300433
0.994711 0.788583 0.530218 0.245604
0.967934 0.748891 0.522255 0.216420
0.965115 0.735660 0.481300 0.204924
0.959478 0.768737 0.432382 0.160706
0.958068 0.793309 0.343648 0.129754
0.884782 0.794254 0.291317 0.181046
0.838273 0.850012 0.228748 0.297780
0.856595 0.901989 0.163904 0.351725
0.883373 0.897264 0.134325 0.368528
1.007396 0.866078 0.175280 0.311930
1.159605 0.833001 0.227610 0.191659
1.314634 0.818825 0.253776 0.112952
1.464025 0.887814 0.237849 0.082000
1.513353 0.977594 0.223060 0.148326
1.475300 1.025791 0.179830 0.248257
1.347049 1.019176 0.111573 0.343766
1.208933 0.910495 0.109298 0.394174
1.113097 0.829220 0.187794 0.391521
0.984846 0.771572 0.317483 0.339344
0.877735 0.762122 0.394841 0.250910
0.881963 0.815045 0.364125 0.201386
0.951022 0.912385 0.316345 0.190774
1.091957 1.031462 0.300418 0.215536
1.235710 1.108011 0.340235 0.250025
1.327318 1.142033 0.369813 0.238529
1.363961 1.142978 0.370951 0.130639
1.400605 1.102340 0.438071 0.096149
1.351277 1.044692 0.500640 0.094380
1.293494 0.988934 0.494952 0.147441
1.231482 0.980429 0.457410 0.287168
1.110278 0.997440 0.417593 0.441929
1.096185 1.044692 0.400529 0.606417
1.065179 1.072099 0.483575 0.716076
1.084910 1.080604 0.591650 0.718729
1.115916 1.029571 0.649668 0.674512
1.141284 1.010670 0.641705 0.583424
1.187793 1.031462 0.510878 0.508255
1.168062 1.076824 0.413043 0.464037
1.100413 1.095725 0.343648 0.364106
1.041220 1.053198 0.332272 0.335807
0.915788 0.993659 0.395978 0.350841
0.805858 0.912385 0.513154 0.404786
0.752303 0.854737 0.656494 0.523289
0.755122 0.850012 0.748641 0.634716
0.853776 0.905770 0.789596 0.696620
0.936928 0.971923 0.790733 0.743491
0.904513 0.944517 0.741816 0.727573
0.898876 0.884979 0.672421 0.693967
0.839683 0.820715 0.605301 0.658594
0.804449 0.742276 0.595062 0.623220
0.801630 0.719594 0.615540 0.594921
0.800221 0.755506 0.672421 0.586961
0.795993 0.834891 0.705412 0.587846
0.836864 0.920891 0.715650 0.627641
0.870689 0.996495 0.654219 0.676280
0.910150 0.987044 0.631466 0.717845
0.907332 0.915220 0.656494 0.717845
0.828408 0.849067 0.711100 0.668321
0.794584 0.801814 0.733852 0.602880
0.834045 0.843396 0.682659 0.551588
0.897466 0.924671 0.610989 0.485262
0.989074 0.976649 0.513154 0.422473
1.007396 0.994605 0.443759 0.403017
0.990483 0.994605 0.438071 0.426895
0.970752 1.018231 0.505190 0.500296
0.935519 1.022956 0.584824 0.528595
0.903104 0.943572 0.551833 0.487030
0.889010 0.824495 0.480163 0.462269
0.883373 0.768737 0.402804 0.418936
0.896057 0.817880 0.308382 0.389752
0.908741 0.934121 0.281079 0.408323
0.905922 1.031462 0.324308 0.416283
0.955250 1.125967 0.419869 0.464037
1.021489 1.159989 0.523392 0.523289
1.091957 1.111791 0.614402 0.576349
1.107460 1.014451 0.603026 0.596689
1.086319 0.979484 0.516566 0.556894
1.044039 1.011615 0.436933 0.483493
1.032764 1.087220 0.380052 0.449888
1.062360 1.223307 0.430107 0.481724
1.084910 1.342384 0.527943 0.525057
1.125781 1.388691 0.590512 0.568390
1.159605 1.368845 0.612127 0.583424
1.203295 1.312142 0.612127 0.543628
1.213161 1.236538 0.640567 0.517098
1.259669 1.151483 0.646255 0.517982
1.324500 1.092890 0.550695 0.502064
1.313225 1.058868 0.407355 0.497642
1.266716 1.041857 0.340235 0.503833
1.242757 1.043747 0.399391 0.533901
1.194839 1.061703 0.539319 0.533901
1.208933 1.066428 0.656494 0.528595
1.256851 1.050363 0.770256 0.533901
1.279400 1.035242 0.811211 0.544513
1.308997 1.009725 0.753192 0.558662
1.299131 0.987044 0.636017 0.550703
1.273763 0.964363 0.593925 0.520635
1.238529 0.969088 0.632604 0.516214
1.176518 0.983264 0.723614 0.550703
1.166652 0.986099 0.887431 0.602880
1.180746 0.979484 1.030772 0.628526
1.175108 0.951132 1.086515 0.660362
1.159605 0.943572 1.062625 0.676280
1.144103 0.930341 0.994368 0.688661
1.107460 0.933176 0.903358 0.714307
1.070816 0.936011 0.800972 0.756756
1.000349 0.900099 0.730439 0.802742
0.907332 0.861352 0.689485 0.784171
0.807268 0.846231 0.669008 0.712539
0.663514 0.824495 0.671283 0.655056
0.542310 0.785748 0.692898 0.594036
0.516941 0.763067 0.698586 0.590499
0.567678 0.733770 0.679246 0.630294
0.664923 0.716759 0.661045 0.674512
0.767806 0.695023 0.630329 0.722266
0.821361 0.691243 0.603026 0.716960
0.825589 0.675177 0.575723 0.680702
0.812905 0.652496 0.581411 0.626757
0.769215 0.626979 0.598475 0.565737
0.698748 0.608078 0.601888 0.535669
0.611368 0.592958 0.593925 0.517982
0.526807 0.569331 0.559796 0.508255
0.453521 0.549485 0.550695 0.495874
0.383053 0.546650 0.534768 0.471112
0.329498 0.540035 0.538181 0.459616
0.306948 0.507903 0.541594 0.415398
0.281580 0.435134 0.498364 0.338460
0.264668 0.330233 0.451722 0.248257
0.309767 0.231003 0.433520 0.177509
0.399965 0.254629 0.407355 0.066966
0.538082 0.386936 0.360712 -0.025006
0.633918 0.525859 0.333409 -0.055074
0.693110 0.663836 0.298143 -0.016163
0.691701 0.764012 0.277666 0.071387
0.656467 0.809374 0.251500 0.128870
0.562041 0.802759 0.246950 0.154516
0.547947 0.702584 0.227610 0.141251
0.617005 0.575947 0.200307 0.112952
0.686064 0.524914 0.169592 0.079347
0.714251 0.575002 0.146839 0.032476
0.715660 0.721485 0.128637 -0.041809
0.719888 0.919945 0.100197 -0.134665
0.750894 1.137307 0.076307 -0.162964
0.794584 1.292296 0.072894 -0.171808
0.879145 1.308362 0.064930 -0.200107
1.007396 1.232758 0.026251 -0.192148
1.156787 1.167549 -0.061346 -0.206297
1.242757 1.137307 -0.187622 -0.275276
1.296313 1.141088 -0.307072 -0.277929
1.293494 1.183615 -0.278632 -0.237250
1.225845 1.279065 -0.119364 -0.162964
1.230073 1.413262 0.047866 -0.059496
1.270944 1.556910 0.213959 0.010368
1.365371 1.624009 0.334547 0.048394
1.417517 1.644800 0.389153 0.045741
1.409061 1.624954 0.381189 0.010368
1.440066 1.589042 0.260601 -0.006435
1.430201 1.546515 0.108160 0.013021
1.393558 1.512493 0.046728 0.061660
1.369599 1.498317 0.107022 -0.001129
1.280810 1.498317 0.283354 0.014789
1.241348 1.521943 0.522255 0.072272
1.180746 1.530449 0.783908 0.150979
1.138465 1.519108 0.970478 0.269481
1.159605 1.528559 0.989817 0.401249
1.217389 1.585262 0.898808 0.500296
1.266716 1.652360 0.820312 0.590499
1.304769 1.663701 0.783908 0.628526
1.344231 1.549350 0.788458 0.636485
1.341412 1.401922 0.839651 0.626757
1.344231 1.257329 0.954551 0.582540
1.330137 1.214802 1.116093 0.599342
1.283628 1.279065 1.289012 0.713423
1.280810 1.396252 1.369783 0.854918
1.285038 1.508713 1.394811 0.971652
1.301950 1.565416 1.370921 0.976074
1.297722 1.569196 1.327691 0.968999
1.249804 1.555965 1.276498 0.914170
1.231482 1.544625 1.235544 0.845191
1.215980 1.556910 1.218479 0.806279
1.227254 1.587152 1.218479 0.770906
1.177927 1.643855 1.246920 0.755872
1.152559 1.670316 1.257159 0.729341
1.152559 1.584317 1.243507 0.709886
1.149740 1.485086 1.254883 0.730226
1.173699 1.381131 1.323141 0.784171
1.144103 1.359394 1.403912 0.838116
1.138465 1.373570 1.417563 0.875258
1.128600 1.434999 1.279911 0.933625
1.093366 1.473746 1.102442 0.978727
1.059542 1.385856 0.928386 0.995530
0.967934 1.232758 0.877193 0.975190
0.850958 1.130692 0.954551 0.915938
0.731163 1.103285 1.095616 0.857572
0.639555 1.167549 1.230993 0.845191
0.593046 1.280010 1.299251 0.864646
0.569087 1.361285 1.303801 0.869068
0.586000 1.381131 1.287875 0.861993
0.619824 1.299856 1.274223 0.848728
0.648011 1.155263 1.289012 0.823966
0.725525 1.065483 1.325416 0.822198
0.769215 1.028626 1.393673 0.842538
0.704385 1.008780 1.425527 0.868184
0.611368 0.988934 1.322003 0.903558
0.521169 0.944517 1.202553 0.923898
0.432380 0.899154 1.077414 0.951312
0.359094 0.822605 1.051249 0.940700
0.253393 0.755506 1.068313 0.885871
0.223796 0.726210 1.142259 0.819545
0.226615 0.661001 1.188901 0.753219
0.229434 0.616584 1.083102 0.676280
0.260440 0.569331 0.898808 0.621451
0.254802 0.557991 0.775944 0.510908
0.301311 0.575002 0.742953 0.404786
0.364731 0.608078 0.820312 0.379140
0.368960 0.638320 0.955689 0.386215
0.270305 0.632650 1.053524 0.442813
0.251983 0.586342 1.077414 0.499411
0.257621 0.543815 0.979579 0.520635
0.209703 0.509793 0.805523 0.493221
0.222387 0.490892 0.697448 0.464922
0.271714 0.527749 0.653081 0.432201
0.383053 0.625089 0.629191 0.352610
0.495801 0.753616 0.605301 0.237645
0.528216 0.858517 0.551833 0.154516
0.562041 0.927506 0.497227 0.146557
0.545128 0.950187 0.405079 0.152747
0.504257 0.890649 0.324308 0.143904
0.490164 0.813155 0.289042 0.115605
0.481708 0.758342 0.210546 0.113836
0.515532 0.725265 0.157078 0.071387
0.557813 0.668562 0.100197 0.033361
0.607140 0.664782 0.086545 -0.039156
0.611368 0.696913 0.107022 -0.076298
0.615596 0.686518 0.146839 -0.044462
0.590228 0.662891 0.183243 -0.021469
0.571906 0.687463 0.176417 -0.071877
0.553585 0.764957 0.120674 -0.109904
0.509895 0.849067 0.069481 -0.119631
0.521169 0.925616 0.028526 -0.149699
0.521169 0.964363 0.005774 -0.162964
0.491573 0.926561 0.050141 -0.133781
0.483117 0.893484 0.167316 -0.040925
0.495801 0.899154 0.322033 0.059007
0.511304 0.923726 0.448309 0.108530
0.487345 0.932231 0.531356 0.144788
0.471842 0.922781 0.558658 0.166897
0.492982 0.888759 0.486988 0.128870
0.542310 0.841506 0.393703 0.095265
0.660695 0.837726 0.327721 0.079347
0.850958 0.854737 0.287904 0.086421
1.017261 0.922781 0.219647 0.119142
1.134237 0.987044 0.215097 0.146557
1.135647 1.032407 0.253776 0.152747
1.103231 1.036187 0.241262 0.149210
1.097594 1.069264 0.212821 0.106761
1.114506 1.147703 0.242399 0.078462
1.104641 1.261109 0.335685 0.072272
1.121553 1.332933 0.436933 0.066081
1.051085 1.391526 0.529080 0.066081
0.943975 1.401922 0.575723 0.075809
0.842502 1.366955 0.530218 0.100571
0.772034 1.281900 0.490401 0.115605
0.795993 1.205351 0.497227 0.117373
0.881963 1.179835 0.526805 0.122680
1.013033 1.191175 0.537044 0.037782
1.141284 1.153373 0.525667 -0.025006
1.242757 1.039967 0.484713 -0.060380
1.251213 0.972868 0.427832 -0.047115
1.187793 0.992714 0.423281 0.030707
1.159605 1.088165 0.443759 0.164244
1.170880 1.297021 0.525667 0.356147
1.230073 1.490757 0.603026 0.518867
1.307587 1.602273 0.657632 0.589615
1.335774 1.645745 0.662182 0.594921
1.331546 1.629679 0.701999 0.588730
1.197658 1.583372 0.796422 0.571928
1.020080 1.503042 0.932936 0.555125
0.898876 1.348999 1.019396 0.540091
0.769215 1.195901 1.089928 0.494989
0.677607 1.138252 1.102442 0.405670
0.646602 1.185505 1.060350 0.323426
0.786127 1.313087 0.957964 0.273018
1.031355 1.502097 0.865817 0.283631
1.296313 1.637240 0.835101 0.393290
1.479528 1.728910 0.848752 0.511792
1.485166 1.782778 0.803247 0.619682
1.441476 1.765767 0.666733 0.678934
1.287856 1.668426 0.585961 0.671859
1.067998 1.520053 0.609851 0.632947
0.784718 1.411372 0.724751 0.628526
0.691701 1.373570 0.976166 0.655941
0.805858 1.404757 1.209378 0.716960
1.021489 1.452010 1.343618 0.816007
1.311815 1.479416 1.395949 0.885871
1.499259 1.508713 1.376609 0.901789
1.588048 1.555020 1.320865 0.822198
1.549996 1.603218 1.224168 0.645328
1.369599 1.631569 1.038735 0.495874
1.158196 1.622119 0.854440 0.403902
0.891829 1.572976 0.785045 0.371181
0.655058 1.514383 0.841926 0.376487
0.449293 1.436889 0.995506 0.457847
0.267486 1.355614 1.223030 0.646213
0.220978 1.290406 1.385710 0.852265
0.268896 1.240318 1.496059 1.032672
0.438018 1.223307 1.560904 1.123760
0.693110 1.226142 1.540427 1.098114
0.912969 1.202516 1.423252 0.953965
1.058132 1.172274 1.244645 0.798320
1.072226 1.178890 1.113818 0.613492
0.994711 1.245043 1.068313 0.510908
0.795993 1.324428 1.105855 0.553356
0.564859 1.412317 1.162736 0.782402
0.345001 1.413262 1.195727 1.084849
0.191381 1.329153 1.230993 1.342193
0.187153 1.201571 1.286737 1.475730
0.259030 1.073044 1.344756 1.448315
0.343591 0.935066 1.378884 1.297092
0.428152 0.825440 1.367508 1.073352
0.474661 0.741331 1.308352 0.872605
0.501439 0.730935 1.237819 0.698389
0.474661 0.833946 1.144534 0.538322
0.440836 0.945462 1.046699 0.438391
0.377416 1.014451 0.968203 0.395943
0.287217 1.026736 0.907909 0.391521
0.226615 1.025791 0.887431 0.449888
0.195609 0.960583 0.890844 0.579002
0.246346 0.901044 0.862404 0.725804
0.291445 0.831111 0.826000 0.846075
0.352047 0.768737 0.833963 0.894714
0.361913 0.726210 0.913597 0.836347
0.329498 0.740386 1.009157 0.693083
0.333726 0.815045 1.114956 0.537438
0.350638 0.901989 1.116093 0.391521
0.383053 0.949242 1.014845 0.314583
0.408421 0.942627 0.861266 0.313698
0.407012 0.854737 0.706549 0.347304
0.383053 0.748891 0.540457 0.384446
0.376006 0.672342 0.408492 0.386215
0.381644 0.640210 0.307244 0.379140
0.354866 0.672342 0.294730 0.334038
0.337954 0.766847 0.418731 0.279209
0.370369 0.833946 0.552970 0.231454
0.433790 0.827330 0.636017 0.194312
0.487345 0.750781 0.650806 0.150979
0.515532 0.716759 0.649668 0.086421
0.525397 0.762122 0.571172 0.003293
0.525397 0.901989 0.499502 -0.022353
0.459158 1.035242 0.415318 0.008599
0.401375 1.145813 0.340235 0.022748
0.383053 1.219527 0.289042 0.003293
0.425334 1.221417 0.306106 -0.014394
0.501439 1.197791 0.395978 -0.056843
0.556403 1.145813 0.500640 -0.059496
0.635327 1.095725 0.557521 -0.021469
0.657877 1.060758 0.549558 0.005061
0.684654 1.057923 0.443759 0.034245
0.666333 1.063593 0.316345 0.023633
0.645192 1.132582 0.224198 0.002408
0.693110 1.194955 0.185518 0.004177
0.693110 1.295131 0.224198 0.009483
0.684654 1.400032 0.337960 -0.058612
0.673379 1.443504 0.418731 -0.062149
0.664923 1.421768 0.410768 -0.059496
0.733981 1.362230 0.318620 -0.046231
0.772034 1.293241 0.277666 -0.013510
0.808677 1.268670 0.332272 -0.007319
0.815724 1.239373 0.500640 -0.002898
0.839683 1.230867 0.661045 -0.002013
0.814314 1.234648 0.794146 -0.014394
0.826999 1.206296 0.882881 -0.022353
0.879145 1.191175 0.885156 -0.008204
0.872098 1.182670 0.856716 0.031592
0.843911 1.194010 0.794146 0.080231
0.810086 1.208186 0.733852 0.165128
0.831227 1.168494 0.691760 0.221726
0.879145 1.155263 0.688347 0.236760
0.935519 1.177000 0.695173 0.252678
0.970752 1.236538 0.778220 0.206692
1.025717 1.306472 0.853303 0.161591
1.058132 1.357504 0.973891 0.162475
1.056723 1.362230 1.100167 0.160706
1.011624 1.330098 1.152497 0.155400
0.917197 1.286626 1.126332 0.150094
0.784718 1.270560 1.054662 0.198733
0.704385 1.304581 0.971615 0.287168
0.701566 1.352779 0.942037 0.423357
0.650830 1.309307 0.906771 0.496758
0.690292 1.271505 0.896532 0.494105
0.684654 1.249768 0.901083 0.428663
0.662105 1.270560 0.866954 0.312814
0.686064 1.299856 0.848752 0.262406
0.738210 1.354669 0.838514 0.249141
0.843911 1.381131 0.852165 0.234107
0.936928 1.389636 0.869229 0.261522
0.986255 1.372625 0.821449 0.330501
0.946793 1.334823 0.805523 0.441044
0.921425 1.308362 0.831688 0.535669
0.870689 1.289461 0.903358 0.626757
0.808677 1.246933 0.987542 0.667437
0.800221 1.255439 1.048974 0.657709
0.742438 1.285680 1.054662 0.633832
0.671970 1.358449 1.015983 0.567506
0.614187 1.432163 0.963652 0.467575
0.533854 1.403812 0.944312 0.305739
0.515532 1.274340 0.985267 0.196965
0.556403 1.153373 1.043286 0.180162
0.591637 1.045637 0.990955 0.235876
0.597274 0.997440 0.945450 0.345535
0.643783 1.015396 0.919285 0.453425
0.663514 1.083439 0.944312 0.545397
0.670561 1.171329 0.979579 0.559547
0.624052 1.264889 1.045561 0.559547
0.476070 1.291351 1.077414 0.539207
0.282989 1.268670 1.087653 0.525942
0.109639 1.218582 1.067176 0.547166
-0.000290 1.167549 1.021671 0.566622
0.025078 1.142978 0.989817 0.582540
0.140645 1.145813 0.967065 0.629410
0.297083 1.146758 0.915872 0.651519
0.504257 1.157153 0.926111 0.640907
0.628280 1.165659 0.962514 0.588730
0.655058 1.150538 1.050111 0.530363
0.608549 1.110846 1.138846 0.474649
0.469023 1.056033 1.104717 0.426010
0.376006 1.001220 0.948863 0.425126
0.297083 0.960583 0.803247 0.461384
0.213931 0.910495 0.673558 0.525942
0.129370 0.864187 0.615540 0.552472
0.112458 0.817880 0.637154 0.585193
0.157557 0.792363 0.719063 0.598458
0.250574 0.790473 0.824862 0.563968
0.347819 0.800869 0.937487 0.514445
0.408421 0.800869 0.969340 0.384446
0.377416 0.772517 0.942037 0.223495
0.342182 0.733770 0.881743 0.069619
0.309767 0.707309 0.820312 -0.009972
0.219568 0.706364 0.790733 0.001524
0.228024 0.739441 0.794146 0.085537
0.263258 0.785748 0.795284 0.205808
0.336544 0.842451 0.807798 0.312814
0.452111 0.919000 0.818036 0.400364
0.519760 1.012561 0.799834 0.410977
0.500029 1.084384 0.752054 0.375603
0.492982 1.119351 0.686072 0.301318
0.467614 1.126912 0.620090 0.239413
0.480298 1.114626 0.571172 0.227032
0.535263 1.093835 0.510878 0.238529
0.586000 1.102340 0.455135 0.249141
0.663514 1.113681 0.399391 0.221726
0.759350 1.125022 0.368676 0.184584
0.791765 1.132582 0.366400 0.150979
0.832636 1.142033 0.378914 0.128870
0.832636 1.206296 0.378914 0.088190
0.710023 1.268670 0.344785 0.044857
0.702976 1.293241 0.298143 0.043088
0.760759 1.294186 0.266290 0.043973
0.894647 1.274340 0.265152 0.029823
1.089138 1.305527 0.304969 0.040435
1.189202 1.359394 0.360712 0.100571
1.266716 1.431218 0.428970 0.172203
1.351277 1.455790 0.521117 0.235876
1.407651 1.399087 0.633742 0.255332
1.383692 1.296076 0.720201 0.228801
1.232892 1.171329 0.762293 0.179278
1.003168 1.094780 0.771394 0.149210
0.756531 1.080604 0.756605 0.156285
0.625461 1.142033 0.731577 0.206692
0.598684 1.249768 0.741816 0.280978
0.735391 1.407592 0.755467 0.366759
0.901694 1.520998 0.769119 0.469343
1.036992 1.491702 0.778220 0.525057
1.163834 1.354669 0.789596 0.542744
1.146921 1.216692 0.866954 0.510908
1.059542 1.130692 0.942037 0.379140
0.974981 1.107066 0.971615 0.266828
0.958068 1.142033 0.972753 0.278325
0.986255 1.196846 0.948863 0.380024
1.021489 1.297966 0.986405 0.568390
1.020080 1.413262 1.051249 0.716076
1.027126 1.486976 1.137708 0.781518
1.011624 1.501152 1.167287 0.827504
0.972162 1.469020 1.099029 0.845191
0.859414 1.412317 0.975028 0.801858
0.779081 1.401922 0.824862 0.677165
0.750894 1.430273 0.732715 0.504717
0.748075 1.497372 0.715650 0.352610
0.794584 1.505878 0.789596 0.255332
0.811496 1.468075 0.919285 0.224379
0.836864 1.441614 1.109268 0.312814
0.859414 1.413262 1.245782 0.476418
0.834045 1.403812 1.210516 0.610839
0.793174 1.368845 1.045561 0.660362
0.704385 1.297021 0.879468 0.640907
0.626871 1.208186 0.775944 0.563084
0.590228 1.159989 0.747504 0.476418
0.563450 1.142033 0.789596 0.464922
0.540900 1.198736 0.855578 0.478187
0.483117 1.260164 0.977304 0.552472
0.404193 1.300801 1.116093 0.616145
0.339363 1.319702 1.204828 0.637369
0.332316 1.309307 1.221892 0.628526
0.385872 1.299856 1.183213 0.598458
0.442246 1.316867 1.114956 0.515329
0.452111 1.362230 1.102442 0.440160
0.466205 1.421768 1.136571 0.401249
0.440836 1.437834 1.217342 0.447235
0.461977 1.416098 1.227581 0.546282
0.433790 1.358449 1.182076 0.602880
0.353457 1.278120 1.150222 0.651519
0.292855 1.193065 1.116093 0.688661
0.211112 1.157153 1.104717 0.688661
0.209703 1.130692 1.062625 0.643560
0.299901 1.112736 0.976166 0.561315
0.474661 1.156208 0.869229 0.488799
0.649420 1.231813 0.811211 0.456078
0.793174 1.290406 0.789596 0.455194
0.805858 1.308362 0.857853 0.487030
0.714251 1.264889 0.931799 0.483493
0.628280 1.218582 0.980716 0.427779
0.567678 1.178890 1.003469 0.361453
0.580362 1.142033 0.990955 0.315467
0.590228 1.152428 0.979579 0.329617
0.612777 1.203461 1.000056 0.367644
0.621233 1.210076 1.054662 0.418051
0.598684 1.129747 1.126332 0.418936
0.624052 1.005000 1.145672 0.426010
0.683245 0.901044 1.119506 0.467575
0.724116 0.861352 1.050111 0.483493
0.777671 0.913330 0.953413 0.454309
0.812905 1.097615 0.851027 0.364106
0.917197 1.384911 0.807798 0.278325
1.058132 1.690163 0.775944 0.243835
1.132828 1.890514 0.754330 0.301318
1.172290 1.932096 0.806660 0.408323
1.135647 1.837591 0.897670 0.525942
0.980618 1.642910 0.968203 0.587846
0.794584 1.455790 0.989817 0.580771
0.662105 1.281900 0.937487 0.492336
0.577544 1.196846 0.881743 0.419820
0.552175 1.178890 0.833963 0.425126
0.600093 1.222362 0.789596 0.502949
0.722707 1.288516 0.802110 0.594036
0.943975 1.368845 0.863541 0.618798
1.189202 1.454845 0.871505 0.586961
1.465435 1.537064 0.774807 0.464922
1.647241 1.582427 0.624641 0.413630
1.652878 1.606998 0.499502 0.407439
1.506306 1.592822 0.451722 0.450772
1.282219 1.539899 0.514291 0.508255
0.924244 1.444449 0.736128 0.575465
0.600093 1.337658 1.081965 0.662131
0.415468 1.237483 1.449417 0.778865
0.330907 1.184560 1.690593 0.849612
0.414059 1.175109 1.740648 0.871721
0.560631 1.205351 1.626886 0.828388
0.708613 1.268670 1.392536 0.681587
0.825589 1.306472 1.167287 0.520635
0.849548 1.316867 0.957964 0.398596
0.787537 1.304581 0.855578 0.389752
0.657877 1.274340 0.833963 0.399480
0.542310 1.238428 0.886294 0.434854
0.439427 1.200626 0.965927 0.544513
0.412649 1.177945 1.062625 0.704580
0.445065 1.177945 1.166149 0.878796
0.560631 1.182670 1.265122 1.074236
0.784718 1.180780 1.319728 1.222807
0.974981 1.185505 1.349306 1.259949
1.075044 1.173219 1.332242 1.197161
1.104641 1.125022 1.268535 1.010563
1.065179 1.060758 1.153635 0.748797
0.970752 1.024846 1.025084 0.527710
0.835455 1.028626 0.904496 0.372065
0.581772 1.072099 0.840789 0.329617
0.421106 1.114626 0.829413 0.376487
0.337954 1.127857 0.865817 0.463153
0.354866 1.098560 0.942037 0.550703
0.485936 1.057923 0.987542 0.571043
0.617005 1.024846 1.000056 0.548935
0.704385 1.004055 0.985267 0.487030
0.769215 0.983264 0.948863 0.410092
0.750894 0.985154 0.905633 0.345535
0.691701 0.980429 0.860128 0.320773
0.667742 0.958693 0.832825 0.336691
0.617005 0.952077 0.832825 0.403017
0.515532 0.936956 0.838514 0.524173
0.398556 0.926561 0.836238 0.670090
0.329498 0.909550 0.841926 0.800973
0.299901 0.839616 0.827137 0.858456
0.330907 0.753616 0.769119 0.837232
0.361913 0.614694 0.691760 0.763831
0.378825 0.463485 0.648531 0.670974
0.370369 0.320783 0.653081 0.543628
0.380234 0.374651 0.705412 0.357916
0.366141 0.551375 0.756605 0.246488
0.363322 0.781023 0.772532 0.210230
0.364731 0.962473 0.737265 0.234992
0.311176 1.029571 0.688347 0.327848
0.244937 1.028626 0.648531 0.433085
0.151919 0.985154 0.623503 0.474649
0.157557 0.944517 0.598475 0.422473
0.228024 0.933176 0.600751 0.349072
0.318223 0.939792 0.595062 0.321658
0.461977 0.972868 0.568897 0.295127
0.559222 1.018231 0.560934 0.262406
0.594456 1.093835 0.542732 0.189890
0.639555 1.192120 0.530218 0.093496
0.673379 1.278120 0.509741 0.028054
0.762169 1.336713 0.425557 0.022748
0.898876 1.343329 0.322033 0.023633
1.015852 1.297966 0.154803 0.037782
1.117325 1.255439 -0.027217 0.023633
1.099003 1.219527 -0.198998 0.002408
0.998939 1.224252 -0.134154 0.005946
0.855186 1.249768 0.078582 -0.010857
0.767806 1.276230 0.355024 0.004177
0.760759 1.288516 0.573448 0.004177
0.780490 1.285680 0.654219 -0.027659
0.850958 1.296076 0.653081 -0.101060
0.924244 1.291351 0.600751 -0.172692
1.027126 1.285680 0.551833 -0.189495
1.072226 1.272450 0.538181 -0.136434
1.077863 1.176054 0.546145 -0.027659
1.022898 1.094780 0.585961 0.106761
0.936928 1.064538 0.640567 0.203155
0.805858 1.075879 0.731577 0.257100
0.698748 1.117461 0.849890 0.319004
0.690292 1.195901 0.953413 0.372950
0.769215 1.310252 1.023946 0.444582
0.962296 1.417988 1.031909 0.517098
1.158196 1.486976 0.977304 0.557778
1.328728 1.498317 0.926111 0.587846
1.347049 1.443504 0.882881 0.556009
1.261079 1.348054 0.888569 0.507370
1.115916 1.272450 0.919285 0.460500
0.901694 1.226142 0.951138 0.434854
0.718479 1.239373 0.965927 0.472881
0.522579 1.320647 0.962514 0.504717
0.463386 1.435944 0.975028 0.555125
0.601502 1.536119 0.969340 0.624988
0.845320 1.591877 0.962514 0.646213
1.182155 1.582427 0.946588 0.649750
1.410470 1.519108 0.830550 0.614376
1.449932 1.439724 0.732715 0.561315
1.428792 1.361285 0.696311 0.501180
1.310406 1.307417 0.709962 0.434854
1.066588 1.228032 0.760018 0.370297
0.856595 1.168494 0.854440 0.357031
0.676198 1.114626 0.992093 0.428663
0.553585 1.077769 1.121782 0.572812
0.556403 1.072099 1.204828 0.733763
0.628280 1.079659 1.218479 0.847844
0.748075 1.117461 1.152497 0.846959
0.849548 1.138252 1.037598 0.720498
0.936928 1.163769 0.946588 0.577234
0.938337 1.198736 0.890844 0.449888
0.850958 1.218582 0.906771 0.350841
0.684654 1.218582 1.004606 0.239413
0.566269 1.223307 1.143396 0.278325
0.467614 1.204406 1.263984 0.425126
0.398556 1.144868 1.331104 0.672743
0.383053 1.068319 1.319728 0.877912
0.454930 1.022011 1.243507 0.941584
0.580362 0.987044 1.147947 0.922129
0.732572 1.030516 1.053524 0.861993
0.863642 1.111791 0.988680 0.756756
0.936928 1.144868 0.893119 0.656825
0.958068 1.152428 0.821449 0.568390
0.918606 1.149593 0.756605 0.523289
0.876326 1.182670 0.712238 0.490568
0.741028 1.249768 0.705412 0.449003
0.652239 1.323483 0.714513 0.452541
0.557813 1.365065 0.760018 0.504717
0.491573 1.355614 0.785045 0.546282
0.490164 1.244098 0.815761 0.569275
0.477480 1.138252 0.857853 0.527710
0.473252 1.070209 0.881743 0.392405
0.438018 1.037132 0.881743 0.308392
0.495801 1.045637 0.887431 0.246488
0.560631 1.049418 0.864679 0.232339
0.617005 1.025791 0.793009 0.264175
0.677607 1.023901 0.700861 0.338460
0.687473 1.026736 0.645118 0.439276
0.683245 1.032407 0.603026 0.517098
0.600093 1.056978 0.655356 0.567506
0.543719 1.101395 0.753192 0.579887
0.529626 1.085329 0.793009 0.571043
0.557813 0.998385 0.802110 0.555125
0.554994 0.970978 0.798697 0.571928
0.588818 0.988934 0.838514 0.585193
0.680426 1.045637 0.919285 0.578118
0.793174 1.137307 1.008019 0.553356
0.881963 1.200626 1.058075 0.496758
0.890419 1.223307 1.046699 0.407439
0.873507 1.219527 0.912459 0.341997
0.828408 1.156208 0.785045 0.293358
0.794584 1.108956 0.703137 0.245604
0.781899 1.122187 0.663320 0.229685
0.784718 1.181725 0.673558 0.226148
0.800221 1.224252 0.678109 0.226148
0.783309 1.226142 0.649668 0.265059
0.773443 1.181725 0.647393 0.329617
0.760759 1.200626 0.650806 0.387983
0.736800 1.271505 0.657632 0.395058
0.743847 1.353724 0.687210 0.347304
0.770625 1.430273 0.740678 0.318120
0.777671 1.467130 0.721339 0.335807
0.829817 1.439724 0.616677 0.357031
0.843911 1.377350 0.583686 0.328732
0.855186 1.333878 0.605301 0.336691
0.832636 1.310252 0.673558 0.371181
0.804449 1.319702 0.783908 0.427779
0.791765 1.320647 0.860128 0.471112
0.743847 1.323483 0.887431 0.509139
0.750894 1.354669 0.882881 0.551588
0.776262 1.373570 0.806660 0.600227
0.800221 1.367900 0.749779 0.623220
0.817133 1.332933 0.765706 0.633832
0.793174 1.255439 0.837376 0.628526
0.800221 1.160934 0.888569 0.636485
0.849548 1.097615 0.890844 0.640907
0.849548 1.020121 0.837376 0.621451
0.834045 0.985154 0.860128 0.604648
0.788946 1.006890 0.945450 0.583424
0.738210 1.053198 1.044423 0.554241
0.749484 1.108011 1.136571 0.556009
0.810086 1.112736 1.180938 0.579002
0.842502 1.085329 1.147947 0.594921
0.912969 1.041857 1.072864 0.581655
0.915788 1.021066 1.020533 0.545397
0.887601 1.029571 0.992093 0.512676
0.881963 1.060758 1.003469 0.511792
0.860823 1.064538 1.004606 0.498527
0.858004 1.102340 1.008019 0.484377
0.835455 1.152428 1.045561 0.484377
0.800221 1.208186 1.068313 0.489683
0.769215 1.234648 1.061488 0.513561
0.745256 1.215747 1.019396 0.525942
0.686064 1.169439 0.926111 0.502064
0.662105 1.039967 0.812348 0.494105
0.667742 0.919000 0.736128 0.495874
0.684654 0.911440 0.642843 0.455194
0.738210 0.997440 0.600751 0.427779
0.804449 1.128802 0.626916 0.426895
0.858004 1.232758 0.682659 0.444582
0.929881 1.303636 0.748641 0.517098
0.969343 1.295131 0.754330 0.596689
0.969343 1.246933 0.721339 0.612608
0.897466 1.191175 0.669008 0.604648
0.798812 1.141088 0.643980 0.548935
0.670561 1.140142 0.654219 0.504717
0.618415 1.142978 0.691760 0.478187
0.608549 1.128802 0.696311 0.448119
0.614187 1.098560 0.741816 0.411861
0.649420 1.007835 0.802110 0.401249
0.628280 0.915220 0.869229 0.413630
0.563450 0.854737 0.901083 0.412745
0.473252 0.802759 0.878330 0.399480
0.405603 0.803704 0.822587 0.382677
0.343591 0.824495 0.666733 0.363222
0.278761 0.825440 0.521117 0.355263
0.208293 0.813155 0.512016 0.379140
0.228024 0.814100 0.615540 0.411861
0.291445 0.820715 0.773669 0.464037
0.337954 0.802759 0.898808 0.531248
0.374597 0.760232 0.984129 0.599342
0.395737 0.727155 0.973891 0.610839
0.385872 0.695023 0.915872 0.632947
0.397147 0.643045 0.848752 0.593152
0.399965 0.614694 0.788458 0.508255
0.392919 0.575002 0.787321 0.473765
0.397147 0.566496 0.790733 0.431316
0.361913 0.606188 0.773669 0.410977
0.363322 0.684628 0.737265 0.396827
0.405603 0.793309 0.628053 0.377371
0.438018 0.900099 0.516566 0.333154
0.497210 0.917110 0.443759 0.256216
0.533854 0.893484 0.381189 0.182815
0.531035 0.844341 0.382327 0.121795
0.577544 0.816935 0.407355 0.081115
0.577544 0.852847 0.408492 0.025401
0.650830 0.931286 0.393703 0.009483
0.756531 1.036187 0.394841 0.049279
0.852367 1.158098 0.402804 0.111183
0.931291 1.238428 0.381189 0.076694
0.990483 1.281900 0.329996 0.073156
1.013033 1.287571 0.290180 0.061660
1.005986 1.261109 0.251500 0.057238
0.927063 1.218582 0.188931 0.099687
0.821361 1.177945 0.154803 0.143904
0.815724 1.164714 0.107022 0.148326
0.822771 1.173219 0.096784 0.144788
0.896057 1.213857 0.144564 0.116489
0.974981 1.250714 0.238987 0.104108
1.008805 1.253549 0.369813 0.147441
0.994711 1.241263 0.498364 0.209345
0.953840 1.230867 0.518842 0.260638
0.911560 1.228977 0.490401 0.251794
0.826999 1.237483 0.431245 0.266828
0.801630 1.242208 0.398254 0.265944
0.822771 1.256384 0.441483 0.321658
0.887601 1.253549 0.535906 0.435738
0.998939 1.245988 0.662182 0.574581
1.097594 1.287571 0.808935 0.654172
1.221617 1.352779 0.905633 0.701042
1.301950 1.405702 0.957964 0.717845
1.358324 1.445394 0.964790 0.717845
1.358324 1.468075 0.932936 0.651519
1.332956 1.480361 0.881743 0.570159
1.261079 1.450119 0.832825 0.531248
1.217389 1.413262 0.816899 0.553356
1.193430 1.344274 0.827137 0.620567
1.187793 1.259219 0.876055 0.701042
1.196249 1.187395 0.920422 0.741722
1.166652 1.173219 0.923835 0.736416
1.141284 1.202516 0.909046 0.678934
1.124372 1.218582 0.896532 0.623220
1.066588 1.218582 0.894257 0.573696
1.051085 1.224252 0.904496 0.540091
1.039811 1.214802 0.910184 0.540975
1.035583 1.181725 0.927248 0.577234
1.017261 1.194955 0.923835 0.634716
0.989074 1.222362 0.914734 0.722266
0.942565 1.211021 0.964790 0.810701
0.928472 1.194955 1.043286 0.879680
0.918606 1.130692 1.106993 0.930088
0.925653 1.060758 1.154773 0.966346
0.932700 1.042802 1.182076 0.962809
0.904513 1.052253 1.196865 0.943353
0.901694 1.098560 1.160461 0.903558
0.886191 1.125022 1.116093 0.853150
0.872098 1.118406 1.033047 0.842538
0.860823 1.054143 0.930661 0.831041
0.834045 0.975703 0.844202 0.779749
0.798812 0.873638 0.827137 0.751450
0.746666 0.781968 0.862404 0.732879
0.686064 0.757397 0.881743 0.708117
0.660695 0.803704 0.881743 0.671859
0.624052 0.872693 0.888569 0.646213
0.601502 0.931286 0.877193 0.627641
0.612777 0.949242 0.837376 0.588730
0.608549 0.965308 0.853303 0.565737
0.600093 0.955857 0.886294 0.545397
0.586000 0.855682 0.872642 0.518867
0.576134 0.794254 0.853303 0.518867
0.543719 0.734715 0.775944 0.518867
0.459158 0.732825 0.691760 0.510908
0.346410 0.761177 0.670145 0.508255
0.280170 0.764012 0.681522 0.481724
0.247755 0.777243 0.737265 0.467575
0.292855 0.764012 0.769119 0.455194
0.354866 0.728100 0.761155 0.452541
0.425334 0.716759 0.683797 0.446350
0.494392 0.692188 0.589374 0.424242
0.528216 0.658166 0.466511 0.386215
0.526807 0.639265 0.356162 0.346419
0.515532 0.614694 0.326584 0.303086
0.542310 0.608078 0.382327 0.263291
0.550766 0.603353 0.465373 0.240298
0.546538 0.643045 0.535906 0.243835
0.511304 0.685573 0.557521 0.251794
0.533854 0.719594 0.576860 0.267712
0.604321 0.752671 0.565484 0.253563
0.670561 0.800869 0.444896 0.206692
0.690292 0.872693 0.370951 0.159822
0.673379 0.978539 0.299281 0.066081
0.681835 1.062648 0.297005 -0.030312
0.673379 1.090055 0.331134 -0.078067
0.704385 1.052253 0.334547 -0.084258
0.759350 1.010670 0.350474 -0.024122
0.803040 1.015396 0.334547 0.034245
0.839683 1.063593 0.291317 0.070503
0.904513 1.106121 0.277666 0.099687
0.883373 1.089110 0.248088 0.103224
0.826999 1.095725 0.207133 0.095265
0.759350 1.110846 0.184381 0.078462
0.676198 1.125022 0.154803 0.104108
0.673379 1.136362 0.146839 0.192543
0.743847 1.120296 0.141151 0.241182
0.860823 1.104231 0.188931 0.257100
0.998939 1.132582 0.240124 0.278325
1.067998 1.172274 0.281079 0.303086
1.058132 1.189285 0.320895 0.356147
1.008805 1.180780 0.378914 0.395943
0.918606 1.135417 0.465373 0.416283
0.860823 1.100450 0.592787 0.441929
0.872098 1.088165 0.694036 0.457847
0.951022 1.087220 0.727027 0.480840
1.069407 1.092890 0.681522 0.514445
1.138465 1.094780 0.631466 0.527710
1.138465 1.087220 0.637154 0.561315
1.065179 1.106121 0.695173 0.600227
0.953840 1.135417 0.746366 0.605533
0.928472 1.160934 0.725889 0.566622
0.953840 1.164714 0.733852 0.504717
1.024308 1.167549 0.752054 0.438391
1.097594 1.154318 0.769119 0.434854
1.184974 1.154318 0.782770 0.510023
1.249804 1.154318 0.763431 0.626757
1.255441 1.128802 0.744091 0.745260
1.232892 1.123132 0.778220 0.807164
1.139875 1.120296 0.826000 0.801858
1.056723 1.066428 0.846477 0.739953
1.025717 1.022011 0.836238 0.655056
1.013033 1.006890 0.781632 0.589615
1.022898 1.005000 0.739540 0.579887
1.044039 1.014451 0.724751 0.645328
1.034173 1.022011 0.723614 0.747913
1.066588 1.029571 0.730439 0.844306
1.090547 0.998385 0.732715 0.846959
1.101822 0.971923 0.723614 0.781518
1.132828 0.993659 0.746366 0.670974
1.158196 1.043747 0.781632 0.614376
1.108869 1.045637 0.812348 0.605533
1.076454 1.039022 0.816899 0.652403
1.001758 1.009725 0.820312 0.709886
0.912969 0.953967 0.804385 0.776212
0.870689 0.930341 0.804385 0.821313
0.835455 0.928451 0.804385 0.829272
0.838273 0.950187 0.773669 0.793899
0.835455 0.998385 0.766843 0.724920
0.822771 1.051308 0.763431 0.641791
0.842502 1.072099 0.698586 0.593152
0.884782 1.085329 0.645118 0.570159
0.893238 1.091000 0.626916 0.589615
0.924244 1.081549 0.624641 0.619682
0.915788 1.039022 0.636017 0.632063
0.912969 0.948297 0.645118 0.639138
0.912969 0.912385 0.654219 0.640022
0.841092 0.929396 0.616677 0.645328
0.807268 0.953022 0.584824 0.667437
0.722707 0.975703 0.610989 0.678934
0.664923 0.935066 0.671283 0.655056
0.643783 0.901044 0.673558 0.609070
0.656467 0.871748 0.665595 0.554241
0.701566 0.871748 0.630329 0.487915
0.772034 0.901989 0.563209 0.464922
0.903104 0.933176 0.534768 0.455194
1.036992 0.955857 0.532493 0.455194
1.110278 0.942627 0.558658 0.451656
1.084910 0.904825 0.616677 0.430432
1.024308 0.860407 0.680384 0.429548
0.927063 0.843396 0.705412 0.456963
0.850958 0.837726 0.721339 0.474649
0.774853 0.833001 0.728164 0.477303
0.704385 0.831111 0.716788 0.484377
0.659286 0.839616 0.665595 0.500296
0.639555 0.849067 0.556383 0.474649
0.664923 0.827330 0.513154 0.436623
0.718479 0.851902 0.533631 0.410977
0.783309 0.909550 0.562071 0.366759
0.814314 0.978539 0.589374 0.326079
0.883373 1.019176 0.540457 0.296011
0.914378 0.975703 0.499502 0.311930
0.838273 0.968143 0.464236 0.343766
0.728344 0.956802 0.464236 0.409208
0.608549 0.931286 0.500640 0.516214
0.554994 0.944517 0.538181 0.626757
0.560631 0.975703 0.565484 0.676280
0.626871 1.003110 0.549558 0.665668
0.743847 1.017286 0.504053 0.581655
0.884782 1.053198 0.450584 0.489683
1.005986 1.115571 0.430107 0.438391
1.118734 1.136362 0.423281 0.414514
1.135647 1.101395 0.417593 0.415398
1.125781 1.056978 0.415318 0.418936
1.079273 0.983264 0.425557 0.426895
1.001758 0.903880 0.436933 0.423357
0.922835 0.853792 0.410768 0.415398
0.884782 0.864187 0.440346 0.418051
0.955250 0.949242 0.509741 0.418936
1.021489 1.093835 0.592787 0.448119
1.110278 1.212911 0.641705 0.483493
1.103231 1.273395 0.589374 0.471112
1.065179 1.242208 0.580273 0.412745
1.034173 1.179835 0.566622 0.353494
0.966524 1.123132 0.535906 0.303971
0.973571 1.089110 0.551833 0.301318
0.967934 1.066428 0.589374 0.331385
0.932700 1.042802 0.622365 0.395058
0.929881 1.058868 0.639430 0.484377
0.928472 1.055088 0.682659 0.577234
0.922835 1.024846 0.757742 0.651519
0.900285 0.952077 0.782770 0.686893
0.822771 0.905770 0.740678 0.693967
0.738210 0.892539 0.687210 0.664784
0.710023 0.892539 0.598475 0.623220
0.711432 0.893484 0.502915 0.565737
0.803040 0.894429 0.442621 0.557778
0.894647 0.901989 0.455135 0.600227
0.942565 0.906715 0.557521 0.670974
0.953840 0.900099 0.731577 0.738185
0.921425 0.874583 0.874918 0.725804
0.853776 0.869858 0.947725 0.673627
0.795993 0.874583 0.910184 0.610839
0.756531 0.865132 0.835101 0.569275
0.722707 0.843396 0.766843 0.565737
0.711432 0.828275 0.725889 0.579002
0.701566 0.841506 0.698586 0.586961
0.719888 0.862297 0.670145 0.570159
0.749484 0.856627 0.689485 0.554241
0.694520 0.847176 0.684935 0.517098
0.607140 0.836781 0.648531 0.488799
0.532444 0.866078 0.560934 0.439276
0.504257 0.907660 0.505190 0.385330
0.532444 0.919000 0.489264 0.352610
0.546538 0.866078 0.489264 0.359684
0.608549 0.817880 0.490401 0.422473
0.707204 0.818825 0.491539 0.496758
0.829817 0.851902 0.500640 0.534785
0.941156 0.922781 0.506328 0.534785
0.983437 1.022011 0.498364 0.495874
1.025717 1.086275 0.467649 0.410977
1.042629 1.063593 0.461961 0.361453
1.025717 1.009725 0.467649 0.353494
1.000349 0.973813 0.456272 0.346419
0.963706 0.992714 0.430107 0.361453
0.965115 1.056978 0.411905 0.395058
0.963706 1.110846 0.427832 0.444582
0.951022 1.120296 0.452860 0.455194
0.896057 1.037132 0.446034 0.375603
0.873507 0.943572 0.434658 0.261522
0.896057 0.844341 0.422144 0.135060
0.872098 0.797089 0.457410 0.092612
0.831227 0.807484 0.507465 0.107646
0.843911 0.850957 0.521117 0.125333
0.863642 0.882143 0.457410 0.204924
0.894647 0.879308 0.399391 0.326079
0.920016 0.886869 0.400529 0.459616
0.891829 0.896319 0.440346 0.547166
0.867870 0.925616 0.525667 0.585193
0.826999 0.973813 0.645118 0.594036
0.795993 1.024846 0.722476 0.586961
0.786127 1.056033 0.695173 0.563084
0.795993 1.089110 0.630329 0.537438
0.752303 1.108011 0.587099 0.517982
0.746666 1.108011 0.609851 0.537438
0.762169 1.105176 0.687210 0.553356
0.787537 1.141088 0.752054 0.550703
0.870689 1.145813 0.763431 0.526826
0.897466 1.119351 0.663320 0.490568
0.936928 1.050363 0.550695 0.485262
0.963706 0.973813 0.431245 0.487915
0.979209 0.920891 0.374364 0.487030
1.020080 0.902935 0.386877 0.500296
1.079273 0.908605 0.439208 0.502949
1.166652 0.964363 0.476750 0.487030
1.199067 1.015396 0.473337 0.463153
1.223026 1.065483 0.482438 0.414514
1.158196 1.140142 0.493814 0.364106
1.053904 1.221417 0.529080 0.319889
1.015852 1.263944 0.587099 0.290705
0.941156 1.255439 0.648531 0.291590
0.915788 1.201571 0.686072 0.302202
0.912969 1.121241 0.725889 0.286284
0.850958 1.073044 0.748641 0.289821
0.825589 1.041857 0.748641 0.296011
0.679017 1.041857 0.745229 0.319889
0.570497 1.056033 0.788458 0.387099
0.504257 1.067374 0.794146 0.440160
0.494392 1.039967 0.762293 0.486146
0.595865 0.974758 0.679246 0.531248
0.704385 0.929396 0.587099 0.569275
0.815724 0.907660 0.523392 0.619682
0.880554 0.940737 0.501777 0.679818
0.836864 1.012561 0.508603 0.744375
0.791765 1.062648 0.575723 0.796552
0.762169 1.101395 0.637154 0.813354
0.722707 1.096670 0.697448 0.794783
0.664923 1.067374 0.787321 0.718729
0.648011 1.051308 0.885156 0.680702
0.649420 1.020121 0.936349 0.664784
0.710023 1.015396 0.926111 0.665668
0.786127 1.058868 0.861266 0.661247
0.893238 1.126912 0.764568 0.630294
1.045448 1.200626 0.706549 0.598458
1.146921 1.240318 0.669008 0.457847
1.151149 1.231813 0.669008 0.357031
1.052495 1.182670 0.686072 0.293358
0.994711 1.103285 0.699724 0.287168
0.980618 1.036187 0.666733 0.390637
1.022898 0.991769 0.588237 0.521520
1.100413 0.989879 0.533631 0.674512
1.086319 1.056033 0.507465 0.744375
1.031355 1.141088 0.547282 0.724035
0.972162 1.204406 0.633742 0.685124
0.891829 1.212911 0.694036 0.627641
0.860823 1.180780 0.740678 0.582540
0.817133 1.132582 0.734990 0.537438
0.821361 1.087220 0.699724 0.501180
0.821361 1.032407 0.680384 0.502949
0.824180 0.986099 0.642843 0.561315
0.901694 0.977594 0.637154 0.630294
1.036992 1.017286 0.689485 0.724035
1.161015 1.032407 0.771394 0.844306
1.273763 1.008780 0.860128 0.924782
1.304769 0.980429 0.907909 0.932741
1.272354 0.925616 0.897670 0.858456
1.238529 0.930341 0.838514 0.813354
1.144103 0.990824 0.742953 0.797436
1.028536 1.073989 0.662182 0.813354
0.834045 1.160934 0.608714 0.829272
0.662105 1.207241 0.606439 0.770021
0.669151 1.183615 0.686072 0.653287
0.742438 1.097615 0.788458 0.545397
0.904513 0.982319 0.864679 0.486146
1.089138 0.900099 0.874918 0.449003
1.187793 0.861352 0.836238 0.428663
1.170880 0.868913 0.778220 0.425126
1.122962 0.934121 0.723614 0.423357
1.042629 0.985154 0.657632 0.409208
0.951022 0.991769 0.601888 0.471996
0.911560 0.988934 0.591650 0.574581
0.870689 1.009725 0.639430 0.671859
0.891829 1.071154 0.657632 0.722266
0.945384 1.134472 0.629191 0.715192
1.008805 1.180780 0.595062 0.684240
1.038401 1.194955 0.529080 0.632063
1.017261 1.196846 0.534768 0.577234
1.003168 1.135417 0.607576 0.509139
0.994711 1.086275 0.707687 0.387099
1.001758 1.069264 0.812348 0.311930
0.974981 1.073989 0.868092 0.313698
0.942565 1.063593 0.839651 0.385330
0.900285 1.026736 0.736128 0.512676
0.818543 0.986099 0.597338 0.622335
0.773443 0.944517 0.498364 0.646213
0.766397 0.901044 0.451722 0.599342
0.736800 0.875528 0.460823 0.502064
0.639555 0.870803 0.539319 0.437507
0.538082 0.925616 0.600751 0.400364
0.456339 0.970033 0.608714 0.382677
0.354866 0.977594 0.605301 0.400364
0.343591 0.916165 0.630329 0.455194
0.402784 0.857572 0.704274 0.539207
0.601502 0.807484 0.780495 0.602880
0.836864 0.781968 0.836238 0.607301
0.986255 0.760232 0.853303 0.579887
1.107460 0.729045 0.855578 0.573696
1.049676 0.712979 0.781632 0.578118
0.901694 0.714869 0.722476 0.590499
0.719888 0.751726 0.701999 0.573696
0.587409 0.791418 0.707687 0.559547
0.511304 0.780078 0.695173 0.525942
0.532444 0.765902 0.650806 0.448119
0.571906 0.747001 0.601888 0.398596
0.583181 0.709199 0.551833 0.391521
0.617005 0.740386 0.499502 0.364106
0.669151 0.796144 0.468786 0.267712
0.731163 0.839616 0.463098 0.191659
0.755122 0.874583 0.529080 0.122680
0.756531 0.896319 0.582549 0.036898
0.733981 0.871748 0.591650 0.031592
0.717069 0.798979 0.517704 0.072272
0.726935 0.773462 0.447171 0.213767
0.769215 0.768737 0.386877 0.376487
0.822771 0.788583 0.356162 0.488799
0.860823 0.850957 0.329996 0.543628
0.932700 0.936011 0.292455 0.487030
0.998939 0.995550 0.273115 0.335807
1.065179 1.014451 0.275391 0.215536
1.087729 1.082494 0.319758 0.125333
1.073635 1.228977 0.367538 0.114720
1.042629 1.461460 0.353886 0.178393
1.053904 1.675042 0.336822 0.231454
1.034173 1.756316 0.314070 0.257985
1.053904 1.665591 0.268565 0.256216
1.076454 1.460515 0.306106 0.265059
1.063770 1.254494 0.373226 0.293358
1.035583 1.077769 0.425557 0.294243
0.963706 0.992714 0.467649 0.281862
0.879145 0.994605 0.493814 0.280978
0.831227 1.071154 0.464236 0.291590
0.657877 1.210076 0.376639 0.328732
0.602912 1.341439 0.345923 0.397711
0.748075 1.446339 0.340235 0.479071
0.989074 1.488867 0.364125 0.553356
1.263897 1.452010 0.439208 0.600227
1.444294 1.368845 0.541594 0.614376
1.482347 1.282845 0.613264 0.617914
1.433020 1.203461 0.636017 0.619682
1.328728 1.179835 0.717926 0.604648
1.134237 1.248823 0.894257 0.604648
1.003168 1.404757 1.174112 0.654172
0.979209 1.559745 1.431215 0.700158
1.049676 1.604163 1.529050 0.769137
1.177927 1.563526 1.419839 0.800089
1.217389 1.443504 1.172975 0.771790
1.268126 1.290406 0.924973 0.686008
1.289266 1.205351 0.712238 0.603764
1.351277 1.187395 0.609851 0.559547
1.406242 1.250714 0.612127 0.484377
1.366780 1.397197 0.704274 0.356147
1.307587 1.512493 0.871505 0.345535
1.256851 1.554075 1.029634 0.490568
1.168062 1.503042 1.155910 0.760293
1.100413 1.375460 1.207103 1.053012
1.063770 1.255439 1.162736 1.204235
1.053904 1.170384 1.062625 1.217501
1.080682 1.081549 0.959102 1.109610
1.108869 1.045637 0.863541 0.942469
1.066588 1.032407 0.835101 0.760293
1.025717 1.049418 0.918147 0.670090
1.036992 1.079659 1.105855 0.689546
1.073635 1.072099 1.292425 0.819545
1.113097 1.055088 1.345893 0.926551
1.063770 1.022011 1.296975 0.992877
1.034173 0.959638 1.152497 1.003489
0.986255 0.915220 0.968203 0.993761
0.897466 0.866078 0.865817 0.991992
0.818543 0.833946 0.844202 0.938931
0.715660 0.811265 0.920422 0.888524
0.664923 0.788583 1.096754 0.855803
0.605731 0.776298 1.235544 0.821313
0.543719 0.776298 1.285599 0.808932
0.491573 0.756452 1.224168 0.782402
0.477480 0.699748 1.070589 0.767368
0.422515 0.619419 0.926111 0.747913
0.364731 0.585397 0.823725 0.723151
0.301311 0.582562 0.716788 0.699273
0.253393 0.575002 0.673558 0.655056
0.223796 0.628870 0.657632 0.623220
0.263258 0.687463 0.678109 0.621451
0.304129 0.737550 0.714513 0.670090
0.392919 0.745111 0.705412 0.672743
0.461977 0.719594 0.684935 0.655056
0.566269 0.748891 0.645118 0.617029
0.628280 0.859462 0.570035 0.586961
0.619824 0.990824 0.516566 0.515329
0.607140 1.081549 0.457410 0.450772
0.542310 1.109901 0.418731 0.401249
0.526807 1.077769 0.391428 0.354378
0.521169 1.029571 0.364125 0.303086
0.562041 0.998385 0.349336 0.235876
0.663514 0.939792 0.349336 0.183699
0.819952 0.916165 0.325446 0.146557
0.998939 0.905770 0.257189 0.097033
1.134237 0.884033 0.160491 0.037782
1.223026 0.853792 0.119536 0.008599
1.232892 0.862297 0.116123 -0.017932
1.192021 0.906715 0.107022 -0.025891
1.120144 0.971923 0.171867 -0.008204
1.089138 1.046582 0.242399 0.028939
1.082091 1.102340 0.302693 0.073156
1.117325 1.114626 0.311794 0.129754
1.139875 1.076824 0.281079 0.225264
1.103231 1.078714 0.316345 0.267712
1.059542 1.117461 0.449447 0.271250
1.045448 1.138252 0.607576 0.247372
1.125781 1.105176 0.716788 0.218189
1.241348 1.058868 0.750917 0.194312
1.269535 1.061703 0.712238 0.211999
1.285038 1.076824 0.654219 0.244719
1.282219 1.112736 0.616677 0.327848
1.268126 1.194955 0.546145 0.449888
1.269535 1.262999 0.517704 0.571928
1.254032 1.290406 0.505190 0.672743
1.244167 1.294186 0.479025 0.724920
1.200477 1.266779 0.442621 0.732879
1.146921 1.210076 0.452860 0.686893
1.052495 1.107066 0.506328 0.616145
1.029945 1.039967 0.584824 0.588730
1.076454 0.999330 0.674696 0.599342
1.186383 0.987989 0.741816 0.624988
1.340002 0.980429 0.756605 0.662131
1.402014 0.970033 0.711100 0.614376
1.365371 0.974758 0.713375 0.530363
1.248395 1.010670 0.760018 0.500296
1.099003 1.046582 0.785045 0.539207
0.977799 1.110846 0.745229 0.609070
0.901694 1.190230 0.689485 0.640907
0.900285 1.245988 0.692898 0.667437
0.965115 1.257329 0.711100 0.677165
1.067998 1.231813 0.754330 0.673627
1.111688 1.218582 0.853303 0.663015
1.141284 1.253549 0.935212 0.676280
1.104641 1.303636 0.968203 0.693083
1.046857 1.362230 0.972753 0.674512
0.997530 1.383021 0.939762 0.609954
0.982027 1.331988 0.871505 0.542744
0.983437 1.250714 0.747504 0.500296
0.969343 1.187395 0.666733 0.534785
0.966524 1.131637 0.617815 0.633832
0.970752 1.060758 0.604163 0.749681
0.955250 0.967198 0.595062 0.827504
0.896057 0.886869 0.582549 0.801858
0.850958 0.816935 0.588237 0.713423
0.794584 0.756452 0.631466 0.594036
0.715660 0.707309 0.674696 0.486146
0.611368 0.665727 0.752054 0.449003
0.450702 0.564606 0.847615 0.472881
0.323860 0.494672 0.914734 0.555125
0.235071 0.526804 0.928386 0.633832
0.205475 0.671397 0.897670 0.653287
0.246346 0.818825 0.881743 0.662131
0.308357 0.930341 0.923835 0.648866
0.370369 0.947352 0.984129 0.612608
0.426743 0.912385 1.054662 0.601111
0.518351 0.869858 1.079690 0.647981
0.614187 0.857572 1.018258 0.687777
0.695929 0.854737 0.920422 0.696620
0.694520 0.852847 0.844202 0.680702
0.681835 0.877418 0.777082 0.664784
0.645192 0.897264 0.691760 0.624988
0.597274 0.929396 0.579136 0.551588
0.602912 0.949242 0.482438 0.474649
0.608549 0.908605 0.398254 0.426010
0.681835 0.871748 0.325446 0.388868
0.736800 0.863242 0.266290 0.312814
0.842502 0.847176 0.216234 0.224379
0.955250 0.892539 0.094509 0.131523
1.045448 0.936956 0.010325 0.056354
1.065179 0.945462 0.049004 0.021864
1.001758 0.932231 0.223060 0.034245
0.889010 0.941682 0.400529 0.041320
0.742438 0.896319 0.534768 0.045741
0.602912 0.829220 0.555246 0.065197
0.514123 0.767792 0.513154 0.122680
0.543719 0.768737 0.461961 0.214652
0.690292 0.867968 0.447171 0.273903
0.835455 1.033352 0.443759 0.257985
1.017261 1.245043 0.441483 0.211114
1.124372 1.432163 0.471062 0.187237
1.196249 1.503042 0.494952 0.149210
1.217389 1.453900 0.533631 0.151863
1.221617 1.387746 0.557521 0.208461
1.145512 1.351834 0.508603 0.271250
1.039811 1.345219 0.464236 0.345535
0.959478 1.348999 0.453997 0.458731
0.900285 1.316867 0.434658 0.548935
0.856595 1.280010 0.489264 0.612608
0.749484 1.197791 0.542732 0.609070
0.687473 1.109901 0.552970 0.529479
0.697338 0.984209 0.537044 0.421589
0.772034 0.903880 0.548420 0.291590
0.898876 0.929396 0.493814 0.179278
0.997530 1.024846 0.413043 0.151863
1.087729 1.157153 0.339097 0.217305
1.117325 1.241263 0.340235 0.377371
1.139875 1.272450 0.459685 0.545397
1.090547 1.217637 0.658769 0.664784
1.049676 1.189285 0.913597 0.743491
1.042629 1.205351 1.138846 0.772674
0.998939 1.260164 1.224168 0.777096
1.011624 1.262999 1.165011 0.770906
0.958068 1.213857 1.085378 0.727573
0.917197 1.135417 1.042148 0.689546
0.810086 1.059813 1.034185 0.671859
0.704385 1.042802 1.038735 0.679818
0.646602 1.075879 1.000056 0.617029
0.653648 1.116516 0.955689 0.540975
0.671970 1.142033 0.856716 0.456963
0.728344 1.159989 0.750917 0.440160
0.880554 1.203461 0.599613 0.483493
1.013033 1.238428 0.502915 0.597574
1.131418 1.218582 0.533631 0.726688
1.146921 1.147703 0.648531 0.791246
1.090547 1.128802 0.807798 0.838116
1.004577 1.158098 0.909046 0.823966
0.915788 1.188340 0.946588 0.796552
0.848139 1.225197 0.880606 0.783286
0.842502 1.233703 0.846477 0.773559
0.877735 1.201571 0.865817 0.801858
0.936928 1.127857 0.931799 0.851381
1.053904 1.060758 0.935212 0.852265
1.175108 1.019176 0.876055 0.811585
1.316043 0.973813 0.781632 0.726688
1.340002 0.962473 0.690623 0.601111
1.317453 0.991769 0.670145 0.528595
1.197658 1.007835 0.709962 0.483493
1.034173 0.989879 0.758880 0.478187
0.887601 0.944517 0.789596 0.497642
0.774853 0.908605 0.811211 0.586077
0.680426 0.899154 0.863541 0.717845
0.663514 0.900099 0.905633 0.823966
0.708613 0.892539 0.881743 0.849612
0.732572 0.840561 0.796422 0.820429
0.714251 0.764957 0.773669 0.742606
0.694520 0.735660 0.808935 0.688661
0.667742 0.708254 0.845339 0.628526
0.653648 0.682737 0.889707 0.582540
0.640964 0.685573 0.899945 0.562200
0.642374 0.681792 0.861266 0.603764
0.660695 0.661946 0.772532 0.688661
0.691701 0.694078 0.691760 0.793899
0.717069 0.749836 0.641705 0.896483
0.735391 0.798979 0.587099 0.900020
0.718479 0.859462 0.573448 0.873490
0.642374 0.870803 0.608714 0.762946
0.648011 0.810319 0.628053 0.635601
0.656467 0.739441 0.606439 0.533901
0.704385 0.658166 0.551833 0.452541
0.729753 0.600518 0.508603 0.410092
0.732572 0.584452 0.497227 0.399480
0.666333 0.587287 0.498364 0.394174
0.570497 0.622254 0.489264 0.379140
0.446474 0.645880 0.426694 0.307508
0.273124 0.669507 0.335685 0.234107
0.168832 0.718649 0.300418 0.209345
0.120914 0.757397 0.267427 0.179278
0.154738 0.751726 0.236711 0.170434
0.287217 0.736605 0.240124 0.194312
0.477480 0.709199 0.235574 0.244719
0.660695 0.719594 0.211684 0.285399
0.841092 0.800869 0.250363 0.334923
0.934109 0.882143 0.317483 0.360569
0.941156 0.956802 0.376639 0.307508
0.922835 1.012561 0.449447 0.253563
0.869279 1.020121 0.463098 0.216420
0.757940 1.035242 0.390290 0.219073
0.788946 1.073989 0.304969 0.274787
0.912969 1.157153 0.207133 0.325195
1.124372 1.274340 0.137738 0.348188
1.383692 1.387746 0.118399 0.303971
1.534493 1.495482 0.121811 0.208461
1.645832 1.572031 0.163904 0.102340
1.640194 1.565416 0.192344 -0.011741
1.482347 1.452010 0.220785 -0.098407
1.296313 1.343329 0.279941 -0.117863
1.097594 1.251659 0.326584 -0.084258
0.984846 1.231813 0.319758 -0.004666
1.036992 1.303636 0.301556 0.100571
1.268126 1.439724 0.268565 0.209345
1.616235 1.572031 0.281079 0.322542
1.907971 1.641965 0.378914 0.405670
2.040450 1.596602 0.476750 0.437507
1.969982 1.484141 0.566622 0.451656
1.796632 1.367900 0.633742 0.433970
1.545768 1.277175 0.642843 0.389752
1.361143 1.272450 0.661045 0.447235
1.292085 1.297966 0.707687 0.605533
1.263897 1.341439 0.807798 0.827504
1.286447 1.416098 0.948863 1.038863
1.334365 1.470911 1.085378 1.167093
1.351277 1.500207 1.215067 1.190970
1.369599 1.483196 1.307214 1.102536
1.378055 1.433108 1.299251 0.946891
1.337184 1.384911 1.162736 0.761178
1.304769 1.349944 1.031909 0.640907
1.251213 1.343329 0.921560 0.593152
1.213161 1.326318 0.897670 0.708117
1.182155 1.278120 0.984129 0.931857
1.118734 1.181725 1.147947 1.211310
0.996121 1.096670 1.307214 1.408519
0.887601 1.038077 1.391398 1.448315
0.750894 1.013506 1.336792 1.315663
0.694520 0.996495 1.201415 1.120222
0.687473 1.013506 1.061488 0.959271
0.704385 1.027681 0.952276 0.871721
0.788946 1.004055 0.946588 0.868184
0.872098 0.966253 0.977304 0.899136
0.924244 0.971923 1.029634 0.915054
0.958068 0.996495 1.119506 0.905326
0.963706 1.022011 1.185488 0.860225
0.936928 1.035242 1.220755 0.831925
0.912969 1.036187 1.200278 0.831041
0.896057 1.017286 1.139984 0.827504
0.848139 1.005000 1.081965 0.823966
0.783309 1.010670 1.039873 0.816892
0.719888 1.023901 1.031909 0.801858
0.652239 1.000275 1.011432 0.773559
0.635327 0.943572 0.953413 0.709886
0.642374 0.875528 0.837376 0.592268
0.663514 0.831111 0.734990 0.493221
0.679017 0.826385 0.664457 0.409208
0.666333 0.867023 0.634879 0.360569
0.676198 0.932231 0.614402 0.333154
0.786127 0.992714 0.634879 0.346419
0.862232 1.018231 0.651944 0.376487
0.896057 1.022011 0.623503 0.431316
0.932700 1.008780 0.577998 0.447235
0.884782 0.973813 0.584824 0.447235
0.807268 0.923726 0.614402 0.454309
0.791765 0.916165 0.645118 0.441044
0.704385 0.930341 0.661045 0.426895
0.615596 0.937901 0.662182 0.428663
0.559222 0.900099 0.639430 0.448119
0.559222 0.841506 0.624641 0.385330
0.590228 0.819770 0.631466 0.349072
0.638146 0.849067 0.647393 0.297780
0.686064 0.885924 0.618952 0.266828
0.790356 0.874583 0.550695 0.265059
0.904513 0.810319 0.468786 0.310161
0.904513 0.716759 0.415318 0.316351
0.884782 0.614694 0.409630 0.335807
0.817133 0.541925 0.458548 0.340229
0.725525 0.479551 0.537044 0.388868
0.600093 0.437024 0.609851 0.455194
0.457749 0.438914 0.640567 0.461384
0.295673 0.436079 0.645118 0.442813
0.209703 0.427574 0.629191 0.382677
0.194200 0.423793 0.587099 0.346419
0.222387 0.422848 0.526805 0.339344
0.299901 0.431354 0.517704 0.297780
0.425334 0.447420 0.534768 0.244719
0.522579 0.480496 0.543869 0.208461
0.581772 0.514518 0.498364 0.192543
0.625461 0.548540 0.427832 0.191659
0.626871 0.558936 0.401667 0.185468
0.626871 0.562716 0.436933 0.227032
0.629689 0.595793 0.481300 0.288052
0.645192 0.592958 0.467649 0.312814
0.671970 0.574057 0.390290 0.284515
0.707204 0.575947 0.277666 0.239413
0.695929 0.575002 0.154803 0.182815
0.701566 0.564606 0.067206 0.124448
0.680426 0.549485 -0.007877 0.042204
0.710023 0.533419 -0.059071 -0.041809
0.760759 0.541925 -0.056795 -0.147931
0.803040 0.517353 -0.060208 -0.243440
0.860823 0.515463 -0.070447 -0.271739
0.876326 0.538145 -0.074997 -0.291195
0.870689 0.608078 -0.076135 -0.292079
0.845320 0.726210 -0.065896 -0.225753
0.811496 0.884979 -0.046557 -0.164733
0.777671 1.025791 -0.006740 -0.150584
0.764987 1.122187 0.034215 -0.132012
0.783309 1.197791 0.075169 -0.124938
0.836864 1.230867 0.087683 -0.124053
0.904513 1.253549 0.092233 -0.099291
1.005986 1.279065 0.132050 -0.062149
1.063770 1.323483 0.128637 0.015674
1.096185 1.371680 0.105885 0.087306
1.169471 1.401922 0.108160 0.131523
1.261079 1.442559 0.107022 0.138598
1.369599 1.440669 0.094509 0.117373
1.435838 1.403812 0.076307 0.112067
1.406242 1.386801 0.056967 0.147441
1.249804 1.369790 0.067206 0.207577
1.027126 1.355614 0.037627 0.271250
0.787537 1.340493 0.035352 0.300433
0.735391 1.315922 0.062655 0.305739
0.850958 1.260164 0.146839 0.273903
1.039811 1.236538 0.289042 0.257985
1.306178 1.235593 0.480163 0.255332
1.424564 1.277175 0.649668 0.252678
1.427382 1.318757 0.765706 0.303971
1.348459 1.362230 0.856716 0.389752
1.186383 1.410427 0.896532 0.459616
1.063770 1.419878 0.923835 0.550703
0.956659 1.363175 0.954551 0.636485
0.901694 1.266779 1.008019 0.704580
0.907332 1.177000 1.066038 0.809817
0.951022 1.149593 1.102442 0.904442
0.959478 1.153373 1.151360 1.008795
0.967934 1.159044 1.149085 1.090155
0.929881 1.159989 1.104717 1.078658
0.910150 1.159044 1.084240 0.968115
0.936928 1.102340 1.063763 0.764715
0.935519 1.016341 1.046699 0.573696
1.013033 0.963418 1.028497 0.487030
1.097594 1.017286 0.998918 0.594921
1.177927 1.174164 0.931799 0.833694
1.276582 1.338603 0.903358 1.095461
1.286447 1.471856 0.902220 1.242262
1.215980 1.533284 0.952276 1.219269
1.186383 1.523833 1.002331 1.099882
1.159605 1.438779 1.054662 0.939816
1.104641 1.315922 1.112681 0.800973
1.132828 1.221417 1.124057 0.716076
1.144103 1.199681 1.055799 0.703695
1.177927 1.261109 0.939762 0.704580
1.232892 1.333878 0.831688 0.724035
1.206114 1.344274 0.798697 0.723151
1.158196 1.332933 0.803247 0.714307
1.093366 1.269615 0.810073 0.674512
0.991893 1.190230 0.811211 0.624988
0.896057 1.116516 0.810073 0.601111
0.752303 1.056033 0.741816 0.612608
0.663514 1.031462 0.638292 0.669206
0.640964 1.021066 0.574585 0.745260
0.645192 1.014451 0.639430 0.856687
0.752303 1.016341 0.828275 0.943353
0.897466 1.039967 1.026221 0.973421
1.082091 1.087220 1.186626 0.927435
1.241348 1.143923 1.260572 0.854918
1.249804 1.178890 1.249195 0.801858
1.194839 1.160934 1.146809 0.765599
1.041220 1.107066 0.998918 0.760293
0.787537 1.067374 0.885156 0.786824
0.566269 1.058868 0.858991 0.831925
0.352047 1.098560 0.932936 0.866415
0.233662 1.133527 1.020533 0.863762
0.270305 1.123132 1.033047 0.803626
0.412649 1.033352 1.019396 0.744375
0.663514 0.916165 0.943175 0.656825
0.903104 0.793309 0.847615 0.533901
1.059542 0.650606 0.758880 0.383562
1.113097 0.540035 0.686072 0.308392
1.041220 0.513573 0.656494 0.304855
0.853776 0.585397 0.643980 0.370297
0.698748 0.725265 0.636017 0.485262
0.602912 0.877418 0.638292 0.622335
0.562041 0.962473 0.666733 0.775327
0.543719 0.975703 0.723614 0.844306
0.436608 0.924671 0.791871 0.816007
0.273124 0.831111 0.833963 0.739069
0.129370 0.768737 0.812348 0.601995
0.122323 0.724320 0.747504 0.443697
0.271714 0.678012 0.699724 0.310161
0.495801 0.629815 0.689485 0.210230
0.769215 0.617529 0.737265 0.176625
0.941156 0.635485 0.779357 0.166897
0.993302 0.647771 0.766843 0.207577
0.932700 0.655331 0.658769 0.308392
0.818543 0.683683 0.517704 0.419820
0.741028 0.762122 0.369813 0.525942
0.673379 0.804649 0.198032 0.565737
0.695929 0.754561 0.064930 0.514445
0.736800 0.747946 0.033077 0.403902
0.825589 0.824495 0.119536 0.292474
0.900285 0.960583 0.287904 0.242951
0.998939 1.107066 0.471062 0.265944
1.056723 1.237483 0.573448 0.284515
1.093366 1.288516 0.589374 0.262406
1.080682 1.219527 0.527943 0.144788
1.020080 1.075879 0.415318 -0.032965
0.958068 0.909550 0.340235 -0.124053
0.856595 0.784803 0.286767 -0.105482
0.797402 0.719594 0.231023 0.040435
0.748075 0.694078 0.173004 0.226148
0.724116 0.695023 0.158215 0.385330
0.732572 0.707309 0.179830 0.457847
0.721297 0.730935 0.194619 0.407439
0.721297 0.723375 0.203720 0.334038
0.732572 0.686518 0.237849 0.270365
0.721297 0.646826 0.332272 0.252678
0.715660 0.633595 0.383465 0.273903
0.733981 0.678957 0.323171 0.307508
0.762169 0.729990 0.315207 0.374718
0.849548 0.769682 0.407355 0.453425
0.935519 0.789528 0.571172 0.527710
0.977799 0.757397 0.747504 0.580771
0.949612 0.761177 0.904496 0.617029
0.839683 0.801814 0.965927 0.609954
0.755122 0.894429 0.882881 0.571928
0.750894 1.022956 0.709962 0.509139
0.834045 1.182670 0.509741 0.434854
0.960887 1.320647 0.359575 0.370297
1.087729 1.404757 0.281079 0.317236
1.189202 1.405702 0.250363 0.282746
1.234301 1.345219 0.251500 0.268597
1.208933 1.241263 0.266290 0.269481
1.104641 1.167549 0.294730 0.262406
1.031355 1.161879 0.285629 0.264175
0.991893 1.246933 0.241262 0.282746
0.983437 1.338603 0.193482 0.274787
1.027126 1.368845 0.177555 0.280093
1.065179 1.374515 0.232161 0.308392
1.065179 1.352779 0.293592 0.382677
1.110278 1.316867 0.341373 0.477303
1.196249 1.277175 0.365263 0.537438
1.338593 1.246933 0.326584 0.531248
1.447113 1.274340 0.331134 0.462269
1.555633 1.365065 0.380052 0.393290
1.610598 1.521943 0.491539 0.384446
1.634557 1.647635 0.646255 0.474649
1.599323 1.646690 0.838514 0.637369
1.527446 1.582427 1.004606 0.777980
1.479528 1.516273 1.105855 0.892061
1.458388 1.503987 1.106993 0.930972
1.448522 1.512493 1.034185 0.883218
1.448522 1.520053 0.909046 0.776212
1.462616 1.513438 0.820312 0.685124
1.479528 1.504932 0.813486 0.637369
1.520399 1.501152 0.915872 0.654172
1.558452 1.517218 1.026221 0.704580
1.610598 1.541789 1.062625 0.751450
1.658516 1.576756 1.069451 0.785055
1.655697 1.609833 1.043286 0.794783
1.568317 1.590932 1.000056 0.855803
1.449932 1.557855 0.952276 0.959271
1.310406 1.504932 0.915872 1.099882
1.166652 1.405702 0.948863 1.222807
1.096185 1.309307 1.058075 1.290017
1.014442 1.221417 1.246920 1.284711
0.986255 1.136362 1.398224 1.237841
0.984846 1.047527 1.397086 1.177705
0.897466 0.961528 1.319728 1.127297
0.841092 0.899154 1.240094 1.123760
0.757940 0.856627 1.225305 1.139678
0.648011 0.872693 1.235544 1.161787
0.628280 0.950187 1.244645 1.178589
0.656467 1.064538 1.236681 1.182127
0.738210 1.115571 1.226443 1.203351
0.804449 1.089110 1.221892 1.234303
0.872098 1.003110 1.241232 1.275867
0.862232 0.893484 1.270810 1.312126
0.817133 0.821660 1.312902 1.319200
0.766397 0.798979 1.352719 1.255528
0.645192 0.809374 1.329967 1.144100
0.618415 0.826385 1.290150 1.029135
0.591637 0.820715 1.226443 0.923013
0.581772 0.772517 1.106993 0.837232
0.642374 0.722430 0.990955 0.770021
0.649420 0.702584 0.885156 0.724035
0.625461 0.668562 0.782770 0.690430
0.608549 0.593903 0.675834 0.617029
0.577544 0.527749 0.572310 0.517098
0.563450 0.479551 0.497227 0.418051
0.619824 0.461595 0.446034 0.326079
0.704385 0.457815 0.465373 0.265944
0.770625 0.442694 0.558658 0.283631
0.858004 0.397332 0.696311 0.359684
0.870689 0.437024 0.757742 0.426895
0.808677 0.516408 0.725889 0.476418
0.718479 0.579727 0.622365 0.460500
0.574725 0.601463 0.490401 0.393290
0.439427 0.581617 0.403942 0.334038
0.323860 0.526804 0.376639 0.257985
0.175878 0.450255 0.389153 0.211114
0.109639 0.353860 0.409630 0.189890
0.116686 0.282036 0.402804 0.196965
0.197019 0.262190 0.344785 0.232339
0.281580 0.286761 0.284491 0.252678
0.333726 0.311332 0.260601 0.213767
0.322451 0.324563 0.219647 0.173087
0.323860 0.338739 0.129775 0.123564
0.288627 0.313222 0.050141 0.075809
0.216750 0.319838 -0.007877 0.097918
0.215340 0.362365 -0.029492 0.149210
0.205475 0.390717 -0.034043 0.219958
0.212522 0.439859 -0.052245 0.292474
0.301311 0.530584 -0.106851 0.335807
0.411240 0.614694 -0.059071 0.314583
0.512713 0.674232 0.036490 0.228801
0.632508 0.730935 0.112711 0.128870
0.798812 0.776298 0.138876 0.021864
0.979209 0.823550 0.114986 -0.086911
1.144103 0.894429 0.049004 -0.181536
1.200477 0.971923 -0.043144 -0.268202
1.217389 1.083439 -0.159181 -0.265549
1.201886 1.186450 -0.245641 -0.217794
1.170880 1.238428 -0.269531 -0.192148
1.131418 1.262054 -0.239952 -0.167386
1.076454 1.234648 -0.210374 -0.200991
1.039811 1.183615 -0.194448 -0.209835
1.022898 1.179835 -0.177383 -0.228406
1.015852 1.210076 -0.208099 -0.236365
1.056723 1.247878 -0.200136 -0.218678
1.166652 1.331043 -0.148943 -0.193917
1.321681 1.401922 -0.114814 -0.146162
1.500669 1.410427 -0.055658 -0.064802
1.569727 1.385856 0.053554 0.020095
1.548586 1.336713 0.154803 0.110299
1.523218 1.306472 0.226473 0.214652
1.462616 1.331043 0.294730 0.340229
1.499259 1.361285 0.349336 0.490568
1.597914 1.399087 0.406217 0.648866
1.637376 1.443504 0.491539 0.771790
1.634557 1.467130 0.584824 0.826619
1.578183 1.472801 0.719063 0.846959
1.518990 1.471856 0.843064 0.831925
1.466844 1.469020 0.905633 0.809817
1.440066 1.464295 0.934074 0.791246
1.441476 1.436889 0.901083 0.774443
1.504897 1.400977 0.839651 0.760293
1.533084 1.383021 0.835101 0.747913
1.542949 1.370735 0.871505 0.735532
1.486575 1.368845 0.917010 0.779749
1.359733 1.344274 1.017120 0.884102
1.203295 1.317812 1.102442 1.014101
1.075044 1.281900 1.112681 1.073352
1.083501 1.272450 1.083102 1.088386
1.159605 1.248823 1.023946 1.068046
1.246985 1.229922 0.987542 1.032672
1.316043 1.206296 1.017120 1.051243
1.299131 1.174164 1.053524 1.121991
1.173699 1.127857 1.099029 1.198045
1.048267 1.051308 1.152497 1.210426
0.907332 0.984209 1.180938 1.162671
0.798812 0.958693 1.187764 1.094576
0.721297 0.948297 1.186626 1.041516
0.705794 0.945462 1.183213 0.998183
0.736800 0.928451 1.177525 0.997298
0.791765 0.880253 1.144534 1.024713
0.855186 0.809374 1.101304 1.068046
0.891829 0.742276 1.079690 1.091039
0.959478 0.718649 1.064900 1.056550
0.912969 0.729045 1.062625 0.953081
0.815724 0.756452 1.033047 0.792130
0.660695 0.831111 1.001194 0.652403
0.415468 0.904825 0.957964 0.621451
0.211112 0.990824 0.946588 0.683355
0.088499 1.067374 0.918147 0.774443
0.108230 1.114626 0.895395 0.852265
0.275942 1.126912 0.866954 0.844306
0.588818 1.124077 0.828275 0.737300
0.879145 1.128802 0.772532 0.605533
1.132828 1.166604 0.680384 0.481724
1.270944 1.191175 0.599613 0.397711
1.331546 1.182670 0.568897 0.362337
1.348459 1.162824 0.556383 0.373834
1.269535 1.131637 0.552970 0.381793
1.153968 1.073989 0.532493 0.414514
0.966524 1.005945 0.474474 0.465806
0.690292 0.908605 0.389153 0.533016
0.432380 0.822605 0.308382 0.580771
0.302720 0.764957 0.279941 0.558662
0.321042 0.744166 0.292455 0.473765
0.449293 0.806539 0.325446 0.304855
0.666333 0.941682 0.415318 0.105877
0.896057 1.087220 0.504053 -0.030312
1.052495 1.166604 0.607576 -0.059496
1.183565 1.156208 0.699724 0.003293
1.196249 1.110846 0.756605 0.163359
1.096185 1.075879 0.771394 0.426895
0.959478 1.076824 0.767981 0.675396
0.788946 1.083439 0.773669 0.835463
0.688882 1.090055 0.819174 0.869068
0.670561 1.079659 0.848752 0.877027
0.708613 1.066428 0.838514 0.845191
0.842502 1.049418 0.814624 0.828388
1.020080 1.011615 0.777082 0.818660
1.175108 0.913330 0.707687 0.756756
1.273763 0.846231 0.625778 0.648866
1.242757 0.812210 0.508603 0.467575
1.097594 0.805594 0.405079 0.321658
0.932700 0.815045 0.335685 0.255332
0.701566 0.805594 0.310657 0.245604
0.491573 0.786693 0.385740 0.321658
0.368960 0.738496 0.548420 0.453425
0.312586 0.677067 0.723614 0.579887
0.380234 0.600518 0.819174 0.674512
0.466205 0.545705 0.806660 0.720498
0.550766 0.522079 0.752054 0.714307
0.677607 0.508848 0.709962 0.643560
0.780490 0.538145 0.711100 0.552472
0.776262 0.565551 0.719063 0.463153
0.664923 0.555156 0.727027 0.406555
0.546538 0.507903 0.714513 0.384446
0.377416 0.499397 0.698586 0.421589
0.264668 0.496562 0.678109 0.510023
0.209703 0.498452 0.632604 0.627641
0.285808 0.500343 0.514291 0.732879
0.521169 0.534364 0.433520 0.757640
0.715660 0.583507 0.392566 0.689546
0.900285 0.688408 0.384602 0.552472
1.000349 0.785748 0.395978 0.331385
1.000349 0.884033 0.384602 0.149210
0.953840 0.970978 0.361850 0.019211
0.881963 1.013506 0.303831 -0.066571
0.832636 0.993659 0.229886 -0.068339
0.786127 0.952077 0.137738 -0.042693
0.826999 0.922781 0.071756 -0.031197
0.884782 0.949242 0.043316 0.019211
0.965115 1.042802 0.027389 0.100571
1.035583 1.180780 0.062655 0.161591
1.018670 1.348054 0.095646 0.113836
1.063770 1.502097 0.083132 0.045741
1.070816 1.545570 0.026251 -0.070108
1.004577 1.465240 0.016013 -0.158543
0.987665 1.338603 0.012600 -0.172692
0.952431 1.195901 0.014875 -0.102829
0.927063 1.034297 0.017150 0.068734
0.967934 0.941682 0.058105 0.268597
0.939747 0.975703 0.117261 0.404786
0.927063 1.105176 0.243537 0.476418
0.946793 1.265834 0.360712 0.479956
0.910150 1.341439 0.479025 0.433085
0.955250 1.323483 0.583686 0.410977
1.005986 1.208186 0.634879 0.400364
1.015852 1.121241 0.610989 0.410092
1.065179 1.091000 0.560934 0.472881
1.072226 1.105176 0.525667 0.532132
1.053904 1.163769 0.557521 0.606417
1.060951 1.218582 0.670145 0.685124
1.034173 1.254494 0.836238 0.710770
1.020080 1.244098 1.037598 0.719613
1.045448 1.168494 1.223030 0.742606
1.011624 1.081549 1.275361 0.686893
0.986255 1.008780 1.178663 0.647981
1.005986 0.974758 1.026221 0.593152
0.997530 0.997440 0.854440 0.576349
0.976390 1.086275 0.659907 0.585193
0.958068 1.215747 0.548420 0.568390
0.929881 1.367900 0.589374 0.548050
0.966524 1.473746 0.745229 0.549819
1.021489 1.467130 0.938624 0.529479
1.065179 1.385856 1.029634 0.540091
1.099003 1.259219 1.008019 0.571928
1.045448 1.167549 0.869229 0.601111
1.017261 1.125967 0.764568 0.624988
1.045448 1.167549 0.728164 0.626757
1.084910 1.241263 0.745229 0.628526
1.176518 1.331043 0.815761 0.634716
1.230073 1.417043 0.881743 0.649750
1.279400 1.455790 0.924973 0.683355
1.323090 1.400977 0.912459 0.705464
1.321681 1.364120 0.821449 0.667437
1.276582 1.341439 0.716788 0.623220
1.218798 1.358449 0.629191 0.589615
1.138465 1.362230 0.588237 0.580771
1.104641 1.360340 0.615540 0.582540
1.082091 1.349944 0.722476 0.576349
1.083501 1.334823 0.878330 0.575465
1.128600 1.300801 1.061488 0.592268
1.146921 1.274340 1.188901 0.628526
1.144103 1.246933 1.180938 0.651519
1.135647 1.234648 1.083102 0.653287
1.073635 1.257329 0.930661 0.599342
0.983437 1.283790 0.820312 0.575465
0.927063 1.233703 0.770256 0.595805
0.872098 1.181725 0.820312 0.668321
0.890419 1.121241 0.909046 0.768253
0.858004 1.090055 1.017120 0.849612
0.860823 1.039022 1.120644 0.912401
0.880554 1.032407 1.167287 0.953081
0.862232 1.054143 1.101304 0.965462
0.890419 1.056978 1.056937 0.951312
0.884782 0.977594 1.029634 0.898251
0.873507 0.969088 1.050111 0.855803
0.855186 0.999330 1.054662 0.817776
0.843911 1.055088 1.052387 0.801858
0.787537 1.136362 1.039873 0.831041
0.793174 1.213857 1.021671 0.882333
0.826999 1.260164 0.980716 0.923898
0.822771 1.286626 0.948863 0.923013
0.891829 1.249768 0.915872 0.876143
0.924244 1.151483 0.901083 0.808932
0.969343 1.059813 0.928386 0.747028
0.986255 0.952077 0.960239 0.686008
0.896057 0.880253 0.899945 0.665668
0.836864 0.859462 0.837376 0.669206
0.811496 0.877418 0.764568 0.642675
0.748075 0.886869 0.727027 0.634716
0.735391 0.863242 0.665595 0.630294
0.756531 0.832056 0.657632 0.631179
0.783309 0.771572 0.683797 0.641791
0.826999 0.692188 0.687210 0.649750
0.814314 0.603353 0.591650 0.640022
0.777671 0.536254 0.581411 0.600227
0.721297 0.525859 0.617815 0.546282
0.684654 0.530584 0.684935 0.495874
0.648011 0.521134 0.782770 0.447235
0.693110 0.502233 0.876055 0.443697
0.784718 0.563661 0.931799 0.495874
0.850958 0.714869 0.963652 0.547166
0.945384 0.906715 0.919285 0.601995
0.941156 1.056978 0.800972 0.628526
0.889010 1.094780 0.690623 0.609070
0.876326 1.091000 0.560934 0.510023
0.870689 1.053198 0.474474 0.422473
0.921425 0.969088 0.449447 0.394174
0.973571 0.910495 0.471062 0.378256
0.951022 0.893484 0.482438 0.311045
0.889010 0.906715 0.453997 0.288937
0.824180 0.960583 0.416456 0.319889
0.736800 0.996495 0.343648 0.358800
0.712841 0.998385 0.248088 0.403902
0.670561 0.969088 0.141151 0.389752
0.639555 0.903880 0.060380 0.338460
0.648011 0.852847 0.047866 0.276556
0.350585 0.430166 0.053554 0.208461
0.291701 0.127330 0.042178 0.183699
